0.79700 0.29957
0.95282 0.25251
0.07867 0.20022
0.72844 0.04021
0.07555 0.33978
0.91499 0.33902
0.62988 0.90426
0.21520 0.69708
0.90448 0.25509
0.61720 0.18864
0.60128 0.39724
0.18318 0.13197
0.00168 0.01616
0.45605 0.30654
0.52626 0.07651
0.09400 0.09591
0.38326 0.69261
0.16686 0.60402
0.73546 0.09122
0.65728 0.78210
0.02599 0.82849
0.94457 0.05699
0.41575 0.96238
0.76782 0.22534
0.61346 0.37435
0.66035 0.89894
0.75972 0.17546
0.72664 0.39976
0.11640 0.82086
0.25083 0.06250
0.74417 0.42190
0.51395 0.99904
0.24577 0.81908
0.95576 0.93727
0.73739 0.61118
0.96162 0.81326
0.59781 0.83510
0.16265 0.77279
0.45267 0.12618
0.71622 0.03931
0.24834 0.23071
0.69308 0.15190
0.41616 0.19506
0.33619 0.20781
0.96597 0.76710
0.48762 0.91460
0.84039 0.59477
0.03794 0.60410
0.31454 0.94553
0.81122 0.59667
0.00661 0.83055
0.48795 0.00228
0.41273 0.84709
0.30113 0.92462
0.01281 0.95386
0.94709 0.99022
0.10464 0.21152
0.81416 0.51346
0.72882 0.36205
0.58288 0.05071
0.48289 0.74796
0.97130 0.97029
0.12356 0.04702
0.97287 0.00303
0.79716 0.55855
0.45825 0.50713
0.31496 0.11955
0.03269 0.41779
0.74276 0.69079
0.73917 0.56907
0.89393 0.41156
0.19500 0.01211
0.82001 0.49740
0.80997 0.62887
0.78061 0.52448
0.87528 0.95249
0.36265 0.76051
0.11377 0.25866
0.85925 0.51766
0.87873 0.36571
0.87422 0.29810
0.12747 0.45426
0.49561 0.43996
0.67526 0.98508
0.17883 0.39637
0.77070 0.03802
0.62288 0.01381
0.15678 0.07133
0.55296 0.95919
0.15028 0.62615
0.23705 0.34400
0.22242 0.27268
0.68327 0.50576
0.14448 0.55445
0.00578 0.77404
0.55854 0.22509
0.81207 0.37346
0.69485 0.59584
0.28410 0.74074
0.51650 0.38005
0.82215 0.82488
0.45005 0.38424
0.75378 0.83726
0.32961 0.34884
0.60373 0.04244
0.70570 0.90006
0.36739 0.25257
0.12866 0.53022
0.07567 0.85479
0.77099 0.98985
0.29548 0.12081
0.97930 0.40479
0.83783 0.54561
0.22595 0.24942
0.31896 0.56094
0.78723 0.81222
0.44269 0.77023
0.80400 0.41217
0.89395 0.83818
0.51890 0.84601
0.17615 0.79564
0.95072 0.96334
0.06834 0.65848
0.85771 0.55950
0.24479 0.16463
0.52016 0.42931
0.96975 0.52664
0.08457 0.70134
0.84559 0.04526
0.54641 0.20817
0.61130 0.08019
0.02988 0.04280
0.25521 0.89348
0.45736 0.59716
0.44857 0.71649
0.63627 0.23749
0.33589 0.92498
0.81371 0.49984
0.17009 0.01596
0.33644 0.17935
0.68790 0.66646
0.00463 0.15433
0.04077 0.35792
0.84247 0.91605
0.68566 0.10266
0.56658 0.84869
0.29178 0.31073
0.23471 0.09596
0.76577 0.90792
0.70813 0.17487
0.20112 0.26055
0.11093 0.52830
0.52836 0.28267
0.09342 0.04477
0.71293 0.58473
0.53125 0.82963
0.70882 0.36706
0.52026 0.94484
0.07556 0.87554
0.00202 0.89728
0.05100 0.54131
0.91150 0.34590
0.14991 0.78758
0.94571 0.02516
0.69027 0.71775
0.73407 0.26217
0.30782 0.16158
0.97822 0.42736
0.55553 0.47633
0.62597 0.75810
0.26451 0.79771
0.20312 0.10092
0.57141 0.73695
0.13987 0.92472
0.79047 0.28987
0.02040 0.89022
0.90590 0.81085
0.12387 0.65981
0.34905 0.76503
0.37839 0.74078
0.33696 0.06826
0.35450 0.99518
0.85067 0.26909
0.52181 0.54724
0.38883 0.09291
0.38932 0.59923
0.24957 0.24392
0.63278 0.25329
0.33819 0.81058
0.77450 0.41296
0.64771 0.02099
0.23469 0.40040
0.69735 0.84385
0.35627 0.49697
0.03771 0.31841
0.07831 0.79050
0.09794 0.88519
0.42114 0.19625
0.44321 0.20794
0.25026 0.30232
0.21515 0.59263
0.53589 0.69756
0.90055 0.42116
0.64065 0.66198
0.17807 0.87057
0.32162 0.53847
0.99053 0.96543
0.09307 0.31597
0.83357 0.95409
0.29783 0.00682
0.91282 0.02483
0.50953 0.07042
0.01460 0.59882
0.50130 0.36438
0.82278 0.43653
0.81008 0.13026
0.56032 0.47217
0.19781 0.05508
0.48510 0.53713
0.49986 0.27619
0.20319 0.69429
0.31890 0.16714
0.99679 0.53984
0.79997 0.13250
0.79212 0.10516
0.36268 0.48912
0.91011 0.24344
0.38950 0.19031
0.08310 0.46547
0.68296 0.30173
0.91987 0.27627
0.83919 0.74154
0.06049 0.19136
0.97815 0.51835
0.76762 0.03800
0.83087 0.29644
0.45424 0.02164
0.80363 0.21853
0.70593 0.34239
0.07363 0.47476
0.79884 0.36880
0.57226 0.71762
0.07385 0.32097
0.22015 0.31688
0.08267 0.00750
0.97198 0.01964
0.85416 0.19812
0.35632 0.92692
0.85509 0.57736
0.10665 0.80544
0.56169 0.28162
0.36488 0.75412
0.27430 0.06624
0.03488 0.88847
0.43981 0.17097
0.48438 0.74070
0.39184 0.20820
0.50289 0.55107
0.70401 0.12157
0.66769 0.73952
0.97121 0.66127
0.43568 0.76012
0.06602 0.81123
0.44228 0.25612
0.66531 0.87670
0.36344 0.12857
0.23575 0.26819
0.91307 0.51723
0.00392 0.81813
0.44332 0.00762
0.28609 0.33168
0.87707 0.91170
0.52312 0.23127
0.62780 0.64596
0.69523 0.80525
0.22291 0.73352
0.90967 0.36713
0.83423 0.90042
0.84594 0.60475
0.68811 0.46307
0.62396 0.77876
0.22316 0.56311
0.80753 0.35581
0.50496 0.12365
0.29513 0.98566
0.54715 0.88588
0.67825 0.66008
0.45343 0.63953
0.78420 0.52398
0.23700 0.83475
0.18343 0.79632
0.56088 0.86006
0.65380 0.62992
0.21891 0.86862
0.43396 0.01265
0.67129 0.39916
0.13003 0.98026
0.38366 0.50733
0.10852 0.31396
0.10417 0.16731
0.72631 0.50415
0.35083 0.70957
0.25810 0.33703
0.05527 0.24959
0.91369 0.19470
0.11623 0.32196
0.36775 0.85336
0.27964 0.82764
0.21788 0.36310
0.90931 0.17761
0.13690 0.63634
0.68969 0.28248
0.31437 0.14799
0.75585 0.69799
0.27642 0.94610
0.53101 0.47023
0.41980 0.06969
0.10843 0.67928
0.44549 0.85131
0.60196 0.31677
0.57465 0.96932
0.95493 0.23926
0.89642 0.34933
0.03141 0.27667
0.70062 0.55602
0.28945 0.74543
0.40465 0.92656
0.03042 0.08998
0.81446 0.06835
0.39520 0.11012
0.58118 0.35728
0.97317 0.96759
0.66369 0.64600
0.90215 0.29806
0.74493 0.60035
0.38216 0.36657
0.76114 0.59254
0.60297 0.16758
0.68141 0.45042
0.38606 0.96504
0.11657 0.47918
0.99737 0.72040
0.65665 0.78558
0.06558 0.49325
0.03927 0.01845
0.86482 0.37714
0.45611 0.49184
0.73559 0.21737
0.99614 0.98733
0.57557 0.25042
0.44718 0.73335
0.53174 0.10027
0.17386 0.92289
0.98429 0.81211
0.32359 0.86283
0.40857 0.36404
0.68228 0.43016
0.99354 0.10200
0.35990 0.25277
0.31095 0.87811
0.58042 0.40891
0.25879 0.72647
0.73553 0.00502
0.91045 0.26929
0.85696 0.38560
0.17144 0.69407
0.87486 0.13564
0.51787 0.38322
0.94744 0.89711
0.54654 0.73376
0.80129 0.25347
0.16966 0.17644
0.60988 0.50079
0.69486 0.02596
0.49830 0.63359
0.85747 0.74337
0.67639 0.69745
0.67001 0.03827
0.47456 0.80527
0.36473 0.16884
0.01243 0.71499
0.95515 0.93799
0.69139 0.71450
0.48918 0.54664
0.91229 0.61032
0.15456 0.46279
0.70623 0.57718
0.07682 0.32694
0.23925 0.08235
0.11659 0.23475
0.31016 0.88450
0.77099 0.22337
0.52813 0.42807
0.01769 0.17740
0.46563 0.47960
0.90866 0.14217
0.53237 0.37770
0.72133 0.08630
0.29832 0.23166
0.48505 0.89539
0.01160 0.14822
0.11367 0.88798
0.47902 0.39467
0.03714 0.09920
0.62063 0.34306
0.79902 0.39222
0.68868 0.12999
0.85868 0.12794
0.94400 0.73178
0.40986 0.26332
0.69681 0.31178
0.08101 0.43270
0.70166 0.01239
0.93042 0.32853
0.85586 0.99053
0.02862 0.00759
0.59730 0.22120
0.22314 0.16194
0.77083 0.88301
0.74435 0.13345
0.39093 0.91848
0.55677 0.12257
0.68057 0.51644
0.45349 0.40238
0.51902 0.59339
0.14229 0.56654
0.82180 0.22173
0.19858 0.69982
0.06721 0.68097
0.18632 0.46663
0.46426 0.70861
0.24335 0.63010
0.31444 0.79144
0.79492 0.46747
0.90685 0.69674
0.35711 0.06099
0.98743 0.27641
0.87240 0.77833
0.75501 0.95844
0.75212 0.18522
0.55890 0.52804
0.80951 0.26247
0.84823 0.46208
0.18578 0.37557
0.02263 0.52332
0.09473 0.08986
0.69669 0.27772
0.66920 0.68231
0.67514 0.92667
0.80813 0.88914
0.72152 0.98602
0.49554 0.82228
0.23628 0.08130
0.57911 0.54539
0.34933 0.42025
0.94481 0.10877
0.92885 0.00111
0.90773 0.93622
0.89911 0.98088
0.78187 0.85236
0.60565 0.41935
0.44485 0.38353
0.60200 0.26725
0.36431 0.70971
0.60721 0.19008
0.10319 0.82834
0.15031 0.86298
0.46369 0.57287
0.03250 0.98722
0.02618 0.76693
0.88296 0.64039
0.02624 0.60237
0.57850 0.98596
0.16101 0.69558
0.36999 0.73298
0.78320 0.69425
0.14480 0.95576
0.28349 0.30217
0.54118 0.11201
0.22028 0.96903
0.71700 0.86940
0.93819 0.15925
0.31706 0.11648
0.95846 0.06587
0.53742 0.33486
0.90372 0.91188
0.95470 0.01493
0.96940 0.96526
0.39311 0.84247
0.80502 0.61605
0.10625 0.66873
0.33973 0.87423
0.40688 0.40894
0.68353 0.19455
0.57949 0.16152
0.03170 0.92049
0.76694 0.05716
0.04994 0.01356
0.70220 0.86699
0.28531 0.46203
0.02749 0.09514
0.15816 0.03513
0.82926 0.87132
0.73955 0.12987
0.98636 0.31822
0.90906 0.69870
0.30698 0.60423
0.86278 0.04827
0.52968 0.06396
0.75237 0.90813
0.43294 0.76392
0.48638 0.37590
0.30316 0.98323
0.14494 0.89754
0.96500 0.95584
0.26306 0.52612
0.55717 0.34300
0.58855 0.01111
0.51057 0.30460
0.04497 0.53556
0.66938 0.55366
0.20819 0.26127
0.25246 0.33300
0.61351 0.16271
0.19437 0.00167
0.48388 0.63824
0.11462 0.37718
0.02908 0.26358
0.60876 0.78226
0.73197 0.84603
0.72638 0.84201
0.16487 0.03052
0.05516 0.38294
0.14154 0.96399
0.01568 0.85167
0.53769 0.22508
0.01899 0.21681
0.23874 0.87928
0.55573 0.22511
0.12344 0.97017
0.36973 0.98223
0.70317 0.96332
0.47196 0.62482
0.41150 0.17998
0.31391 0.32497
0.40235 0.72831
0.57263 0.19894
0.80918 0.82737
0.38879 0.17767
0.20611 0.86952
0.19146 0.64952
0.14703 0.34270
0.46398 0.25880
0.61926 0.89782
0.13844 0.14980
0.70785 0.38365
0.65881 0.76180
0.47630 0.74415
0.13884 0.20155
0.55855 0.43035
0.97144 0.96156
0.65007 0.69071
0.44932 0.80938
0.65245 0.82005
0.40762 0.41137
0.49049 0.37806
0.01900 0.25393
0.77871 0.72021
0.83521 0.36047
0.49935 0.21316
0.00556 0.51368
0.04154 0.16411
0.61713 0.01870
0.06950 0.81083
0.72264 0.06504
0.68853 0.18724
0.61912 0.77576
0.89808 0.22990
0.99945 0.45632
0.89339 0.65459
0.60636 0.79921
0.49019 0.72707
0.65931 0.32979
0.36465 0.40489
0.98309 0.75609
0.90894 0.77838
0.70220 0.34539
0.42478 0.45775
0.92001 0.48596
0.07358 0.43062
0.73989 0.84161
0.09740 0.34258
0.72284 0.30325
0.75894 0.24324
0.35584 0.54881
0.72076 0.37889
0.46708 0.84475
0.60681 0.20635
0.02349 0.31447
0.50480 0.28734
0.65405 0.66461
0.82774 0.96655
0.15610 0.91015
0.48504 0.27373
0.35098 0.44033
0.30989 0.51348
0.38274 0.46277
0.91471 0.76474
0.70181 0.14761
0.00423 0.35606
0.57085 0.12142
0.04904 0.43429
0.03533 0.53005
0.31130 0.85745
0.73858 0.21843
0.43426 0.60554
0.98117 0.78624
0.77657 0.07528
0.01387 0.13086
0.18648 0.81269
0.81822 0.48521
0.89226 0.91552
0.23892 0.20728
0.99615 0.00431
0.93005 0.84206
0.50454 0.87588
0.31024 0.14874
0.71649 0.53263
0.61556 0.39346
0.93122 0.62605
0.59886 0.62759
0.53515 0.13254
0.00607 0.70434
0.53232 0.59649
0.68619 0.83943
0.75088 0.57095
0.96113 0.19155
0.53784 0.08564
0.22916 0.13353
0.19537 0.82805
0.53389 0.30698
0.92740 0.89652
0.71389 0.55838
0.29530 0.83243
0.06975 0.24395
0.45971 0.62041
0.19964 0.56043
0.21383 0.19063
0.95006 0.75971
0.90945 0.53457
0.67496 0.39966
0.31812 0.09062
0.09119 0.93359
0.91476 0.11870
0.61090 0.63085
0.30347 0.48204
0.19809 0.10316
0.09216 0.29188
0.70019 0.63863
0.41865 0.44769
0.40904 0.69989
0.52674 0.44225
0.37972 0.13047
0.37131 0.40069
0.97772 0.34721
0.13558 0.46945
0.22408 0.66079
0.15309 0.13423
0.98886 0.83679
0.80533 0.78029
0.64363 0.17661
0.22153 0.43890
0.94048 0.97768
0.42232 0.09648
0.46827 0.92195
0.49044 0.31143
0.34106 0.46177
0.12553 0.97507
0.87292 0.87587
0.71090 0.96072
0.56228 0.51406
0.14098 0.26369
0.49527 0.83402
0.25796 0.53730
0.95007 0.95792
0.30301 0.86340
0.83330 0.63836
0.80406 0.23244
0.47837 0.08784
0.50177 0.40204
0.70815 0.27483
0.93242 0.05577
0.85677 0.82415
0.12838 0.76231
0.53526 0.17802
0.26132 0.11299
0.12589 0.84461
0.21801 0.12957
0.03563 0.95784
0.94363 0.10646
0.71972 0.88502
0.14640 0.51035
0.61894 0.62704
0.47813 0.70270
0.65771 0.89310
0.49670 0.78508
0.37410 0.30886
0.25257 0.28745
0.58164 0.08521
0.40692 0.67112
0.70564 0.49565
0.00204 0.77205
0.69661 0.19002
0.73751 0.98869
0.42035 0.67449
0.19681 0.52053
0.14421 0.39532
0.68232 0.82313
0.12843 0.42207
0.43683 0.22973
0.34603 0.42568
0.10461 0.64216
0.68132 0.47624
0.73889 0.81703
0.59203 0.93056
0.54793 0.95042
0.55092 0.27252
0.40082 0.22407
0.88298 0.37435
0.81374 0.42892
0.88953 0.48943
0.28235 0.98321
0.69629 0.97618
0.64087 0.97878
0.62654 0.42945
0.15902 0.15957
0.64838 0.17719
0.32509 0.27996
0.39104 0.35988
0.09073 0.22037
0.45112 0.92048
0.39666 0.48979
0.12657 0.24638
0.96961 0.87169
0.99450 0.45825
0.94015 0.75408
0.60833 0.00791
0.34020 0.85659
0.14333 0.12140
0.94587 0.70514
0.83536 0.76011
0.19050 0.16259
0.77154 0.38836
0.30205 0.37373
0.94742 0.12086
0.83303 0.52309
0.28362 0.59337
0.97780 0.96905
0.09277 0.79257
0.85664 0.44991
0.00657 0.76918
0.98429 0.16829
0.48929 0.40494
0.55124 0.64047
0.83699 0.46850
0.13663 0.26964
0.41401 0.38559
0.38501 0.69101
0.72998 0.23407
0.71825 0.73821
0.94434 0.59587
0.92427 0.87364
0.62521 0.41706
0.47046 0.01496
0.03012 0.37114
0.76382 0.35076
0.26475 0.49596
0.69857 0.06618
0.77582 0.02221
0.67330 0.36660
0.83711 0.66158
0.53674 0.47892
0.98423 0.56339
0.10908 0.89803
0.20837 0.28678
0.23907 0.85870
0.07432 0.11843
0.50557 0.41070
0.84491 0.11065
0.54307 0.07223
0.93449 0.53629
0.61035 0.46585
0.70468 0.78586
0.00489 0.91805
0.68702 0.31882
0.91519 0.70777
0.56077 0.35165
0.90110 0.28276
0.05913 0.44534
0.88941 0.06182
0.30798 0.57242
0.80659 0.74334
0.13207 0.90512
0.27645 0.14633
0.99039 0.28788
0.22127 0.66518
0.47914 0.60106
0.43211 0.30083
0.05123 0.07089
0.77424 0.19837
0.55850 0.19103
0.21102 0.88954
0.37159 0.53130
0.29793 0.72267
0.21733 0.22281
0.35156 0.39957
0.22124 0.48125
0.76426 0.36206
0.72970 0.86701
0.33378 0.79956
0.50942 0.85856
0.92766 0.39914
0.09755 0.25001
0.22864 0.95971
0.91954 0.60027
0.23153 0.98824
0.67110 0.69104
0.50332 0.11695
0.36141 0.91705
0.37174 0.60077
0.60719 0.55378
0.92900 0.76758
0.93631 0.82170
0.44394 0.99788
0.83680 0.07005
0.57113 0.18422
0.73711 0.97468
0.68895 0.69994
0.26337 0.81187
0.79199 0.12158
0.30267 0.33821
0.80313 0.61706
0.99128 0.36332
0.72847 0.53020
0.97794 0.64731
0.00066 0.81265
0.49527 0.73302
0.19238 0.95564
0.92957 0.16008
0.46283 0.27586
0.80607 0.23075
0.12291 0.84949
0.02914 0.04731
0.25114 0.69642
0.00209 0.80338
0.85358 0.54953
0.12506 0.25016
0.29810 0.26897
0.75065 0.31194
0.77630 0.57299
0.09323 0.91374
0.01995 0.18949
0.06939 0.75849
0.68895 0.00409
0.78230 0.73331
0.77038 0.10328
0.34904 0.51613
0.31551 0.07191
0.21530 0.95364
0.58792 0.94397
0.11218 0.03205
0.52811 0.17456
0.79373 0.45112
0.68759 0.24510
0.43492 0.92340
0.20499 0.61763
0.38379 0.88983
0.18263 0.89233
0.21081 0.93342
0.78010 0.27065
0.35837 0.24704
0.91412 0.26878
0.03300 0.75030
0.20049 0.60893
0.93466 0.22619
0.05367 0.79701
0.72401 0.83233
0.46081 0.06118
0.38563 0.84538
0.39576 0.61827
0.07090 0.44384
0.56918 0.85890
0.52832 0.15275
0.71949 0.45921
0.33351 0.42317
0.86111 0.28188
0.17354 0.31727
0.58560 0.86514
0.11793 0.25933
0.14156 0.04344
0.25063 0.07866
0.31045 0.20873
0.86973 0.40798
0.89362 0.55146
0.42902 0.12144
0.50670 0.36542
0.53767 0.16183
0.19975 0.91452
0.67787 0.05522
0.74046 0.88025
0.03080 0.74128
0.27542 0.51148
0.36508 0.77179
0.62347 0.40674
0.24672 0.59568
0.94326 0.12630
0.70382 0.35232
0.36764 0.99224
0.13340 0.36045
0.98916 0.12034
0.25913 0.16803
0.03019 0.21206
0.91647 0.49568
0.74422 0.01171
0.11752 0.67108
0.18727 0.06271
0.51887 0.26131
0.01264 0.50935
0.80324 0.79896
0.84365 0.09795
0.78451 0.48687
0.30474 0.83334
0.17819 0.38040
0.66160 0.18535
0.79419 0.20752
0.78113 0.31742
0.06606 0.62012
0.62112 0.86277
0.71109 0.06336
0.59501 0.86940
0.02757 0.61176
0.28923 0.57564
0.40841 0.88055
0.60743 0.44251
0.33968 0.85829
0.18900 0.33443
0.51680 0.89122
0.33583 0.77226
0.86329 0.19684
0.03388 0.53607
0.83408 0.55887
0.21752 0.91000
0.88995 0.86985
0.99665 0.89875
0.64019 0.14986
0.79826 0.73988
0.20395 0.97425
0.07038 0.17275
0.19765 0.72910
0.42494 0.29764
0.77298 0.21909
0.84567 0.93591
0.01852 0.44670
0.80062 0.17484
0.28428 0.84886
0.99948 0.51425
0.02948 0.05895
0.03531 0.46870
0.39424 0.37923
0.68569 0.53856
0.88390 0.70867
0.80232 0.18982
0.06002 0.44911
0.13048 0.54254
0.82084 0.16308
0.57461 0.13419
0.77191 0.73624
0.76309 0.61499
0.71320 0.28162
0.89148 0.44325
0.06923 0.82181
0.61447 0.79133
0.15038 0.28401
0.71040 0.14500
0.93894 0.60167
0.77851 0.81842
0.04341 0.88638
0.41374 0.06431
0.41677 0.65585
0.87588 0.56940
0.31622 0.25808
0.35400 0.12120
0.27425 0.86529
0.74234 0.29324
0.29586 0.42032
0.75550 0.11262
0.48774 0.24244
0.46933 0.06209
0.09420 0.01098
0.03944 0.77601
